00002000
00002002
00002000
00002002
00002000
00002002
00002000
00002002
00002000
00002002
00002000
00002002
00002000
00002002
00002000
00002002
00002000
00002002
00002000
00002002
00002000
00002002
00002000
00002002
00002000
00002002
00002000
00002002
00002000
00002002
00002000
00002002
00002000
00002000
00002000
00002000
00002000
00002000
00002000
00002000
00002000
00002000
00002000
00002000
00002000
00002000
00002000
00002000
00002000
00002000
00002000
00002000
00002000
00002000
00002000
00002000
00002000
00002000
00002000
00002000
00002000
00002000
00002000
00002000
